0x2d3ecL,1,0,0,0,4,1,1,0,1,2,0,0,0,1,0,
