0x36aa0L,0,0,0,0,2,0,0,0,0,0,0,0,0,1,1,
