0x21504L,3,0,0,0,5,2,0,0,2,0,0,0,0,1,2,
